254231 1 24
254232 1 81
254790 633 697
254790 701 715
254790 719 784
254790 90 90
254790 93 630
254852 47 94
254879 52 52
254879 54 140
254906 1 75
254907 1 52
254914 32 32
254914 34 78
256630 5 26
256673 55 56
256674 1 2
256675 1 106
256675 111 164
256676 1 160
256676 162 208
256677 1 291
256677 293 390
256677 392 397
256677 400 455
256677 457 482
256801 73 263
256842 131 132
256843 1 204
256843 1001 1034
256843 1036 1081
256843 1083 1191
256843 1193 1193
256843 1195 1329
256843 1331 1332
256843 207 284
256843 286 378
256843 380 461
256843 463 587
256843 598 627
256843 630 661
256866 34 47
256867 1 16
256867 19 94
256868 202 492
256868 35 200
256868 5 33
256869 1 34
256926 35 50
256926 53 62
256926 64 65
256941 1 17
256941 103 105
256941 107 126
256941 129 129
256941 131 168
256941 170 170
256941 175 290
256941 19 29
256941 293 294
257461 44 95
257531 5 45
257531 50 143
257599 42 118
257613 14 1307
257614 1 16
257645 37 73
257645 75 1096
257682 66 366
257722 1 19
257723 1 1
257723 114 148
257723 3 108
257735 1 15
257751 1 463
257804 1 17
257805 1 249
257816 1 385
257819 1 248
257968 69 326
257969 1 634
258129 30 124
258136 1 60
258157 1 56
258158 1 1088
258158 1091 1786
258159 1 501
258177 1 342
258177 347 724
258177 755 1939
258211 43 129
258213 1 165
258214 1 217
258215 1 6
258287 148 227
258287 45 144
258403 1 251
258425 3 136
258426 1 10
258427 1 107
258428 1 159
258432 1 4
258434 1 453
258440 1 442
258440 444 732
258444 1 37
258445 1 302
258446 1 142
258448 102 731
258448 2 100
258655 60 68
258656 1 334
258694 23 199
258702 52 402
258703 1 389
258705 1 100
258706 1 733
258712 1 524
258713 1 161
258714 1 67
258741 22 72
258742 2 693
258745 1 260
258749 1 204
258749 220 604
258750 1 197
259626 113 167
259626 169 437
259626 83 111
259637 1 72
259637 75 221
259681 64 98
259683 21 23
259683 25 94
259683 5 19
259685 1 209
259685 212 240
259685 242 290
259685 292 445
259685 447 538
259685 540 544
259685 546 630
259686 1 43
259686 102 245
259686 248 341
259686 45 47
259686 49 100
259721 102 408
259721 73 99
259809 53 222
259810 1 113
259810 116 116
259811 1 47
259811 50 91
259813 1 10
259817 1 5
259818 1 160
259820 1 32
259820 36 161
259821 1 75
259821 78 212
259822 1 14
259822 17 464
259861 1 34
259861 36 38
259861 40 66
259861 69 156
259862 1 13
259862 16 532
259884 147 155
259884 73 143
259890 1 34
259890 37 109
259891 1 108
260373 373 408
260373 47 370
260424 15 266
260424 269 672
260424 3 12
260425 1 18
260425 21 55
260425 58 256
260426 1 52
260426 298 307
260426 310 504
260426 55 296
260427 1 285
260431 1 447
260532 10 456
260532 3 8
260532 458 746
260533 1 14
260534 1 375
260536 45 60
260536 62 193
260536 9 37
260538 1 284
260541 1 24
260575 2 21
260576 2 88
260576 90 465
260577 1 76
260593 65 401
260627 1054 1530
260627 1533 1845
260627 613 757
260627 760 788
260627 791 1051
260627 97 611
273158 1 1279
273302 1 459
273402 100 292
273403 1 53
273404 1 18
273405 2 25
273406 1 112
273408 1 6
273409 1 309
273410 1 90
273411 1 29
273425 354 733
273425 62 352
273446 1 33
273447 1 113
273447 115 412
273448 1 391
273449 1 214
273450 1 214
273450 219 647
273492 284 325
273492 327 338
273492 71 71
273492 73 282
273493 1 233
273494 1 192
273502 258 318
273502 320 813
273502 73 256
273502 815 1064
273503 1 598
273554 77 437
273555 1 173
273725 254 2545
273725 83 252
273728 1 100
273730 1 1814
273730 1820 2126
274094 105 332
274146 1 67
274159 1 43
274160 1 207
274161 1 516
274172 31 95
274198 81 191
274199 1 623
274200 1 678
274240 1 40
274240 42 82
274241 1 296
274241 1161 1176
274241 298 1152
274244 1 607
274250 1 701
274251 1 546
274283 2 19
274284 1 210
274286 1 154
274314 97 97
274314 99 158
274315 1 375
274315 377 424
274316 1 959
274317 1 3
274319 1 225
274335 60 1003
274336 1 14
274337 3 17
274338 1 698
274339 1 29
274339 31 31
274339 33 33
274339 35 93
274344 1 632
274345 1 170
274382 94 144
274387 88 439
274388 1 1730
274388 1732 1820
274420 94 268
274421 1 342
274422 1 2207
274440 92 493
274441 1 431
274442 1 256
274442 258 752
